1004578758804226
1038033405839715
1149833790562348
1188203019927386
1209851581312126
1219056706717323
1220355443643522
1222109820110275
1224592172739354
1231094325246519
1234441278860159
1240502681577642
1242672844680405
1244374717781432
1249374120718577
1250056773497555
1251090389916629
1252671913719472
1257624879248284
1260837142264894
1275350304495203
1279087600252331
1281688687271547
1300483125479900
1301408121876926
1306020121355364
1307387767871644
1307941047919905
1308616231371027
1313422877510232
1328888835774119
1329783785867958
1344730616991788
1390380455725895
1395294561687668
1402119687829220
1404318084761838
1418085573146252
1422165749634939
1423492596195880
1423855839459709
1424331696093478
1437780044670285
1443141993759178
1447595662923116
1451836406335835
1454408329722032
1454577516169265
1457868456016745
1461746092351905
1462313205476581
1468617334796715
1469051984640044
1469520231516311
1470418344637045
1485338742945979
1492009655920915
1492252235607039
1495786211880893
1498839291677559
1514934916728644
1521050066108415
1529201678916351
1562526128194632
1572584720710685
1574532824201520
1577616353498390
1583865923042867
1594414648458490
1599645604454166
1620094112368407
1628629641516729
1629978434844949
1631358981241088
1641887553617354
1648320409511292
1654506669091243
1655430735638483
1661329514861726
1662316905021355
1665523234453970
1668810160980638
1671329217192526
1673239527374426
1673485860475016
1673717860292714
1687871759053210
1693804365365858
1694041098432392
1703688500980088
1715425906094904
1720659765571853
1746309069866093
1748050673142145
1754251802215368
1826917024643041
1873632507358858
1890955744951197
1913066982686447
1942207693061149
1975149009708231
1983349119226340
1984538559108209
1991316501461927
1996203577636679
2000226277582737
2009484642965982
2009553799775140
2029246861026415
2030232987823837
2056508215274561
2082387172690260
2126776911509998
2128446884676076
2135358060574207
2138306920343116
2142866629790294
2147670742634854
2152045732265139
2171078350385965
2176924019513124
2177786552627698
2228574487973759
2272588013486493
2295982510926527
2401643536960535
2428249894280103
2446747659141149
2483298025441445
26079523305073362
26117168827942736
26131838239834485
26199339519747581
2644827892550746
2836456010019370
2996528187212814
3015105942213487
3033077663558565
3067759433428003
3176434842527943
4195471520705000
4197959067121544
4372785249662964
4448134772088604
4454534318158474
4524482017770903
4606143866291698
728859546887483
757864437188171
770671052502973
785865414182650
786629961155788
794242383120395
804124576048474
817543231095026
836436175454988
838914909191893
867007446351109
879318871676420
889703050498622
893898300148458
903356005994481
903641649077337
904465725663592
908776402067485
909984965193911
916611847669096
922244690587046
923989643576906
928057576463823
930663042877467
933757642633035
933871049623946
934079819235837
934297332843535
934606912505086
937891685523857
942336615167948
943690338065200
948036480923413
949167404535773
951222207285191
951430387488087
951664744386941
952166124128797
955176230793081
957036103571796
957726739981301
960770639738095
962608166437027
965546215801078
966006792526143
967014065772973
969881915572165
976072508094142
980761858013738
990187370349844
